908305
908304
908302
907980
907955
907938
907934
907933
907932
907923
907913
907835
907814
907696
907690
907585
907584
907583
907575
907509
907414
907413
907326
907312
906720
906719
906620
906619
906448
906444
906441
906329
906324
906315
906314
906312
906299
906177
906019
906017
905998
905916
905915
905842
90577
90576
905757
905756
905755
905734
905732
905731
905730
905692
905606
905605
905587
905548
905371
905369
905366
905364
905363
905185
905183
905143
905141
905140
905139
905138
905137
905135
905134
905133
905132
9051
905020
905007
904977
904976
904833
904791
904788
904697
904696
904694
904667
904665
904664
904662
904659
904650
904642
904638
904637
904513
904467
904466
904465
904391
904390
904388
904367
904365
904337
904336
904302
904292
904291
904290
904289
904288
903952
903951
903945
903941
903939
903930
903642
903640
903589
903347
903346
903342
903315
903295
903290
903289
903284
903250
903205
903203
903197
903124
903123
903122
903037
902908
902903
902901
902897
902895
902894
902819
902738
902613
902414
902404
902393
902391
902388
902182
902148
902145
902144
902139
902138
902137
902094
901634
901233
901232
901229
901199
901183
901173
901092
901077
901011
901010
901009
901008
900957
900578
900559
900551
900550
900549
900547
900546
900545
900544
900543
900542
900540
900530
900529
900528
900525
900417
900416
900415
900414
900412
900366
900362
900227
899748
899747
89964
89962
89960
899576
899575
8995
899498
899457
899395
899380
899365
899245
899214
899042
898994
898993
898992
898984
898907
898848
898843
898842
898841
898338
898278
898276
898237
898205
898187
898186
898185
898184
897921
897863
897682
897575
897541
897305
897255
897253
897223
8972
897196
897194
897192
897175
897162
897080
897078
897071
897066
897035
897027
897019
897018
896994
896987
896986
896985
896984
896966
896965
896815
896798
896698
896697
896678
896536
896535
896534
896533
896478
896455
896434
896400
896398
896396
896300
896299
896298
896297
896030
896029
896011
896010
895997
895994
895921
895889
895885
895883
895882
895850
895642
895626
895561
895552
895551
895475
895454
895452
895451
895450
895448
895439
895438
895437
895434
895425
895424
895421
895378
895377
895178
895177
895150
895149
895143
895140
895139
895137
895136
895135
895044
89490
89489
89488
89487
89486
894776
894761
894239
894237
894204
894203
894202
894157
893852
893848
893847
893846
893845
893582
893581
893579
893574
893567
893469
893467
893466
893460
893459
893458
893457
89343
893343
893283
893282
893281
893280
893277
892601
892600
892597
892596
89227
891988
891895
891891
891890
891889
891887
891837
891836
891667
891650
891645
891642
891605
891604
891603
891602
891586
891514
891513
891510
891480
891466
891462
891461
891430
891427
891416
891415
891411
891410
891405
891393
891391
890947
890618
890612
890547
890406
890398
890397
890334
890332
890331
890330
890318
890186
890182
890136
890120
890072
88996
889885
889884
889883
889882
88982
889753
889682
889657
889656
889655
889654
889595
889594
889221
889199
889197
889193
889190
889141
889005
889004
888632
888631
888588
888587
888583
888580
888522
888514
88849
88848
888437
888381
888369
888368
888367
888338
888195
887664
887662
887660
887659
887657
887654
887633
887609
887506
887505
887496
887495
887493
887491
887490
887392
887277
887271
887270
887269
887267
887266
887265
887129
887126
886958
886942
886929
886914
886911
886909
886896
886849
886848
886636
886604
886508
886507
886503
886501
886495
886489
886301
886300
886299
886298
886184
88613
886040
886038
886037
886024
886022
885671
885567
885540
885533
885294
885223
885218
884946
884924
884849
884846
884835
884833
884831
88479
884765
884692
884681
884451
884437
88421
884170
884167
884070
884046
884045
884043
884039
883978
883831
883826
883819
883791
883771
883689
883688
883687
883239
883170
883168
883167
883133
883128
883100
883034
882909
882903
882902
882899
882815
882805
882718
882715
88262
882584
882439
88235
88234
88233
8822
882184
882153
882151
882147
882133
882131
882121
882064
882063
881942
881801
881712
881627
881621
881619
881617
881615
881512
881507
881403
881401
881367
881235
881227
881139
881026
880946
880944
880943
88076
88075
88073
880664
880653
880475
880418
880408
88031
880161
880156
880145
880140
880138
880137
880132
879855
879597
879367
879366
879161
879160
879159
879123
879036
879035
879034
879033
878935
8775
876664
876663
876662
876660
876659
8758
875755
875116
875115
8751
8750
874653
874648
874646
874643
874601
874599
874593
874592
874585
874212
873530
873519
873323
873276
873249
8729
872801
872618
872613
872606
872603
872602
87167
8712
870762
870758
870515
870506
87045
86975
8692
86913
869110
869109
8691
86905
86890
868854
868852
868622
868619
868578
868064
867752
867751
867748
86774
86768
86763
866086
866084
866
86581
86580
8658
865696
86446
863867
86375
86360
863131
863124
863100
863
862922
862919
862645
862453
862452
862217
862215
861678
861676
861389
861115
861114
861113
861062
861061
861057
86099
86078
860529
86052
860083
860082
860081
860080
860079
860078
860077
860075
860074
860073
860072
860011
860008
859076
859071
858544
858431
85818
858001
857997
857986
857981
857975
857973
857834
857833
857792
857434
857198
857194
857154
857153
857152
857136
856675
856626
856625
856624
856623
856622
8561
855752
855750
855749
855745
85434
8542
8541
853048
853047
852951
8529
85275
852624
852562
852404
851865
851750
851749
85136
850979
850972
850970
85085
850503
849956
849901
849787
849622
849619
849448
849431
849424
849422
849421
849420
849393
849309
849308
849305
848968
848966
848804
848803
848801
848800
848799
848798
848797
848796
848795
848794
848793
848792
848790
848789
848788
848665
847677
847649
847620
847619
847391
847241
847238
847234
847213
846558
846557
846235
846232
846231
846134
845686
845679
845652
845651
845637
845581
845576
845186
845185
845184
84506
844347
843706
843518
842933
842352
842351
842312
842029
842024
842021
842019
841900
841836
841440
841434
841062
840939
840240
8400
839121
839099
839019
83875
838701
838700
838699
838357
838354
838147
837983
837982
837981
837980
837979
837804
837785
837311
837310
837309
837146
837092
837090
836917
836567
836534
836533
836524
836282
836247
83611
835710
835708
835706
835360
835353
835193
835131
835122
83510
834983
834982
83498
834977
834935
834934
83492
834759
834757
834756
834755
834753
834752
834711
834710
834707
834706
834689
834686
83450
834268
834212
834208
834017
834012
833778
833654
833381
83295
83294
832912
832910
83291
83285
832764
832693
832692
832242
831998
831995
831885
831709
831341
831339
831337
83112
83111
8310
830984
830978
830941
830940
830938
8309
830845
8308
830684
83046
83040
830381
830378
830377
830370
830368
830358
830357
830355
830354
830353
830349
830348
830165
829874
829873
829832
829830
829828
829827
82979
829782
82953
82945
82944
828660
828656
82837
82833
828320
82831
828307
828306
82830
82829
828151
828150
828149
828143
82811
828081
82785
827648
827647
82757
826914
826468
826459
826458
826457
826265
826264
826240
826048
825992
825989
825796
825795
825557
825556
825546
825465
825464
825462
825461
825460
825457
825455
825436
825433
825432
825386
825364
825289
825288
825283
825282
825271
825270
825236
825203
825202
825201
82520
825102
824982
824909
824907
824863
824840
82475
824678
824564
824491
824481
824480
824479
824478
824161
824117
824116
824082
824055
823942
823923
823595
823565
823194
823193
823181
822839
822838
822837
822823
822822
822758
822426
822288
822282
822281
822280
821869
821868
821825
821790
821788
821787
821773
821734
821733
821732
821730
821729
821728
821726
821724
821723
821677
82167
821625
821302
821263
821255
821192
820907
820906
820838
820804
820715
8206
82041
820378
82030
820000
819998
818642
818395
817933
816482
816481
816477
816443
816278
816277
816275
816229
816227
816222
816221
815253
814863
814862
814856
814854
814852
814815
814813
814810
814805
814373
814372
814370
814212
814152
814148
814135
814111
814110
813911
813886
81383
813681
813679
813676
813650
81304
812667
812666
812665
812332
812241
812208
812076
81158
811462
811460
81122
810625
810559
810518
810413
810412
810411
810410
810092
810069
810068
810052
810040
810037
810035
810025
810024
810023
810022
810020
810017
810016
80965
809441
809440
809423
809421
809417
809411
809408
809046
808907
808848
808847
808846
808813
808768
80875
808717
808681
808676
808675
808665
808664
808619
808617
808616
808614
808574
808573
808564
808562
808561
808398
808397
808396
808383
808310
808309
807943
807925
807855
807854
807850
807823
807822
807781
807780
807779
807778
807777
807776
807775
807774
807757
807754
807753
807740
807735
807734
807733
807732
807731
807730
807729
807728
807727
80771
807431
807429
807423
807409
807242
807151
807118
807117
807116
807115
807114
807113
807112
807104
806809
806772
806627
806624
806622
806621
806547
806522
806251
806250
806249
806205
806204
805572
805568
805346
805341
805324
805277
805275
805267
805262
804972
804970
804969
804967
804960
804940
804869
80059
80058
79986
79743
79738
79730
79623
79619
79607
79504
79365
79198
79136
789
788
7865
78308
78109
78099
78097
78053
78052
78012
78010
78008
77838
77790
77647
77628
77627
77626
77578
77576
77316
7710
76909
7677
76536
76462
76055
75926
75710
75637
75542
75444
75404
75114
74991
74977
74557
74529
74523
74520
7448
7441
74292
74291
7422
74214
73804
73474
73445
73443
73285
73248
73222
72771
72527
72388
7151
7137
7125
7114
71098
71068
70876
70772
70504
7035
7028
70276
70012
70004
69915
69914
69717
69716
69677
69675
69199
69120
69041
69004
68627
68595
68594
68561
68549
68413
68263
68259
68164
67747
67521
67480
67479
67364
66813
66506
66352
66237
660
65976
65973
65955
65952
65928
65926
65925
65924
65922
65181
64673
64600
64534
642
64199
64160
64130
63876
63875
63744
63590
63292
6324
62955
62954
62952
6295
62747
62711
62403
62362
62188
62069
62067
6206
620
61954
61903
6190
619
61713
61503
61500
61499
61498
61333
61232
61096
61034
61031
61005
61004
60952
6095
60528
6051
6045
6044
60420
60341
60027
60026
60025
60007
60001
60000
6000
6
59997
59990
59846
59720
59642
59584
59577
59498
59424
59398
59386
59372
59364
59357
58987
58826
58677
58675
58540
58346
58191
58188
5818
57890
57819
57762
57456
57090
57049
5700
5681
56748
56738
56713
56712
56681
56641
56399
56390
56389
56380
56378
56376
56372
56363
56360
56343
56341
55961
55959
5585
55847
55709
55606
55361
55329
54927
54917
54645
54543
54538
54402
54401
544
54397
54221
54097
538
53797
53698
53695
53676
5322
53203
53163
53153
53050
52905
52777
52769
52766
52736
52661
52659
5255
5245
5239
52318
5226
5221
52163
52150
51992
51903
51807
51806
51761
51528
51527
51526
51522
51520
51508
51458
51238
50728
50726
50723
50708
50590
50402
50267
5016
50075
50073
5007
50067
49883
49865
49864
49862
49744
49603
49586
4910
49096
49042
49027
48916
48908
48666
4858
48527
48526
48395
48180
48178
48131
48093
48087
48006
4800
480
4799
47989
47985
47984
47983
478
4775
47748
477
47682
47453
47208
4712
47046
46925
46924
46843
46751
46614
46590
4657
46482
46396
46083
45837
45626
45240
45177
45176
45172
45102
45074
44953
44816
44733
44698
44694
44361
44355
44300
44296
44197
44182
44142
44082
44039
43780
4364
43583
43578
43352
43309
43118
43080
43068
4306
43049
42954
42748
4267
42669
42624
42090
42013
41897
41749
4172
4167
41637
41605
41527
40795
40794
40698
40692
40625
40054
39957
39956
39955
39954
39733
39728
39713
39703
39690
39561
39560
39483
39412
39320
39152
39108
39104
3899
38983
38914
3881
38680
385376
385375
385374
385373
385372
385370
385369
385368
385367
385366
385365
385364
385359
385218
385044
385024
385015
384990
38492
38491
384823
384822
384821
384820
384819
38478
38477
384725
384720
384639
38463
384611
384610
384609
38459
384586
384521
384401
384270
384229
384223
384138
384133
384124
384107
384104
384097
383900
383716
383692
383563
383529
383521
383415
383407
383389
383374
383306
383303
383259
38325
383223
38322
383202
383201
383199
383123
383077
383076
382990
382989
382924
382878
382643
382254
382253
38225
382248
382229
38219
382160
382059
382058
382057
382044
382043
382042
381870
381869
381868
381778
381772
381771
381770
381704
381521
381480
381465
381464
381463
381384
381377
381376
381372
381304
381230
381229
381228
381227
381225
381215
381213
381211
381157
381027
381026
381019
381018
381009
380966
380965
380875
380851
380850
380786
380785
380784
380783
380763
380762
380761
380698
380498
380447
380430
380428
380261
380133
380099
380024
380002
379876
379865
379864
379863
379861
379860
379857
379850
379820
379653
379575
379574
379573
379572
379571
379570
3795
379489
379488
379483
379004
37801
378000
377999
377998
37798
37797
37794
377930
377918
377914
377913
377912
377907
377906
377860
377745
377627
377623
377618
377617
377398
377045
376676
376587
376340
376284
376283
376264
376263
376144
376122
376088
376070
376007
375982
375981
375964
375961
375909
375804
375572
375348
375346
375344
375343
375342
375341
375340
375339
375338
375337
375320
375163
375162
375122
374887
374754
374652
374622
374613
374600
374599
374598
374593
374592
374591
374590
374557
374555
374431
374382
374376
374371
374147
374146
374139
374135
374025
373968
373936
373935
373933
373932
373930
373929
373308
373275
373274
373265
373160
373138
373016
372957
372956
372955
372954
372953
372949
372929
372927
372922
372894
372892
372598
372556
372525
372517
372516
36992
36990
36925
36870
3667
36501
36225
36224
36152
36148
36143
3614
36090
36009
35667
35666
35665
35649
35475
35427
35400
35362
35175
3460
34591
34488
34485
34273
34001
33937
33936
33892
337028
336964
336829
336816
336804
336787
336676
336674
336663
336662
336661
336660
336650
33662
336570
336544
336192
336188
336187
336158
336152
336151
335825
335783
335723
335542
335541
335536
335526
335505
33504
335015
335014
335012
335010
335009
335007
334570
334565
334418
334102
333877
333872
333852
333851
333232
333231
333124
33310
332609
332428
332425
332420
3324
332326
33178
33175
331735
33173
331717
331694
331691
331689
331675
33162
331569
331568
331567
331566
331565
331564
331563
331562
331561
33156
331528
331459
331363
331362
331359
331356
331073
331072
331071
331070
331027
331020
330946
330944
330926
330925
330905
3309
330893
330857
330854
330853
330852
330847
330842
330806
330641
330637
330636
3306
330552
330504
330243
330214
330193
330107
330034
330032
330031
330023
330022
330003
329960
329907
329886
329884
329839
329802
329800
3298
329799
329796
329723
329638
329583
329582
329581
329577
329576
329562
329385
329384
329383
329339
329278
329220
328950
328941
328754
328507
328464
328384
328197
328196
328122
32805
327826
327717
327601
327458
327365
327364
327360
327355
327305
327153
327152
327112
326974
326968
326921
326845
326844
326833
326742
326703
326700
326657
326656
326655
326426
326425
326423
326422
326287
326263
325938
325920
325698
32554
32536
32531
32530
325255
325222
325221
325220
325187
325120
325069
324973
3249
32489
32483
324817
324813
324806
32479
324775
32477
324756
32475
32473
32470
32466
32458
324534
324532
324531
324530
32452
324310
32422
324162
324160
324158
324157
324156
324155
324154
323810
323729
323554
323553
323174
323139
323089
323088
322953
322952
322919
322851
322845
322820
322672
322671
322670
322555
32254
32252
322510
321670
321549
32114
320959
320957
320927
320506
320415
320414
320410
320407
320367
320273
320272
320250
320242
320087
320081
319496
318797
318701
318700
318699
318502
318500
318128
317994
317575
317502
317501
317500
317497
317495
317493
317136
316579
316520
316471
315351
315350
31510
314890
314889
314888
314887
314230
313698
313665
313664
313278
313277
31327
313069
313068
313067
313066
313019
313016
313014
312970
312903
312550
312533
312531
312421
312409
312407
312403
312386
312377
312376
311465
311381
311327
311314
311313
310957
310956
310955
310827
310454
310402
310401
310400
309374
309022
309000
308965
308951
308950
30889
308593
308592
308588
308587
308564
308093
307774
307742
307741
307625
307188
307031
307030
307029
306354
306353
306172
306166
305964
304473
304134
30412
30406
30402
30401
304009
303879
30382
30375
303571
303570
303428
302756
302606
302605
302604
302518
3024
302367
302299
302285
302114
302113
301939
301938
301931
301929
301726
301514
301489
301487
301485
301483
301412
301376
30136
301216
301215
301188
301184
301007
300900
300832
300529
300520
300427
299757
299654
299459
299444
299393
299284
298840
298807
298806
298805
298615
298577
298259
298097
298035
297880
297879
297877
297876
297632
297517
29750
297496
297240
297238
297237
297219
297218
297181
297147
297144
297063
297061
297060
297059
297058
297006
297001
296950
296949
296074
296073
295366
295219
295217
29480
2938
29370
293651
293648
29327
292897
292888
292779
292778
292472
29247
292212
292162
292161
292160
292159
29178
29176
29175
29161
291567
291562
291227
290233
290204
290161
290160
290006
289674
28966
289592
289551
289550
28887
288849
288847
288843
288840
288838
288837
288836
288835
288830
288829
288682
2877
287646
287370
287347
287053
28696
286891
286494
286399
286397
286396
286373
286372
286370
28604
285606
285513
28545
28542
285397
285394
285392
284798
284466
284419
2837
283484
283476
283322
283318
283316
28330
28328
28324
283036
283035
28280
282616
282615
282575
282574
282492
282109
282108
282107
28171
28169
28168
28166
281553
280719
280718
280673
280665
280664
280492
280471
280470
28032
280252
280014
279619
279077
27808
27805
278034
277792
277790
277788
277742
277235
277233
277180
2764
276376
276357
276352
27623
276080
27608
27577
275322
27530
275252
275251
275080
275052
274827
274673
274585
274583
274580
274579
274578
274564
274562
274560
274492
274405
274404
273414
273358
273357
273265
2726
272139
271824
271823
271822
271721
271720
271719
2715
271474
270552
2703
270099
270094
270092
270054
26970
269632
26947
269247
269204
268956
268953
268951
268950
268949
268945
268943
268913
268912
268910
268632
268612
268584
268536
267726
267021
26682
266711
26671
26656
2660
265867
26572
265568
265559
26542
26497
264845
264789
26456
264424
263785
263748
263127
263069
263068
262966
262913
262736
262700
262528
262527
262526
262523
262522
262380
262376
262284
261558
260607
260527
260526
260496
260495
260490
260489
260478
260342
259867
259866
259679
25864
2582
257511
257423
25734
257175
257051
256639
256607
256158
256156
25601
255843
255840
255788
255787
25577
255634
255322
255318
255317
255303
255257
255198
255195
254948
254920
254567
25452
252075
252074
25164
250840
249213
24885
248731
248617
2480
247860
247742
24720
246696
246555
245759
245626
245157
244676
244519
244202
24327
24223
24221
24217
242147
24179
241777
24162
2414
24135
24130
24015
24014
239863
239635
23955
239041
23890
23829
238184
238
23526
23475
23468
23465
23447
23398
23394
23392
227572
227571
22714
226269
22569
22568
225175
224792
224783
224725
224686
224559
22447
223869
22383
223617
223616
223601
223598
223367
223320
223296
22325
223150
223066
22301
22295
22285
222778
22277
2225
22242
222027
222026
22115
22112
22111
221053
22101
22079
2207
220544
220495
220394
219978
219977
219754
219207
21857
217833
217710
217484
21668
216572
216571
216324
216296
216154
216153
216151
21583
2149
214609
2144
214001
2136
212515
212512
212433
212320
21201
21193
21192
2117
21133
211244
211242
210937
210921
21071
210694
210693
210687
210668
210656
210563
210536
21046
210381
209502
209500
209499
20838
208239
207680
207672
207671
207601
207600
207599
207598
207385
207383
207381
207345
207343
207063
207062
206794
206772
206771
206722
206703
206345
20624
20623
206056
206055
206054
205609
20547
20513
205107
20500
2050
204973
20471
204493
203716
203715
20345
20302
202789
20262
2004
19999
199456
19881
1988
1982
19818
198150
197703
197459
197458
197455
197061
1956
195509
195504
195393
195214
195211
195181
195179
194942
194902
194584
194582
194565
194563
194402
19424
193736
193696
19353
193436
193435
193434
193431
193430
193429
192208
192114
191333
19126
191250
19067
190016
189631
189494
189492
189491
189489
189364
189040
188761
18860
188596
187603
187335
18728
187172
18667
186621
186590
186583
186575
185160
184952
184949
184675
184455
184454
184450
18430
184285
184001
18372
183580
18345
183328
18330
183239
182924
182853
18242
18237
18235
18234
18191
181699
181224
181220
181216
181214
180595
180587
18058
18055
180527
180443
180436
180427
180425
180413
180398
180350
180346
180344
180320
180003
180002
179999
179998
179996
179993
179868
179864
17917
179140
179000
178999
17899
17891
17885
17813
178047
178046
178045
178043
178041
178040
178038
178034
178033
178032
178029
178027
178025
178022
178021
177944
1775
17694
17674
17665
1765
176294
176199
176197
176196
176193
176191
17602
17570
175268
174733
174731
174631
17420
17410
173340
17296
172866
172863
172831
17268
172248
172247
17168
171541
171535
17117
170927
17085
17084
17067
17066
170558
17035
170151
169937
169883
16965
169631
169630
169106
168954
168472
168024
167489
167149
167109
167085
16659
166506
166504
166372
166222
166151
166149
166147
166145
166143
165780
165671
165660
165531
165527
165519
165008
164678
164677
163868
163867
163861
163786
163443
163250
162517
162425
162424
162355
162352
162348
162346
16231
162212
162211
162035
1615
161467
161466
161274
159591
159590
159589
159588
159587
159586
159117
159062
158927
15868
15863
15861
158585
158049
157918
15790
15773
157097
155792
155460
15503
154678
154585
154233
154212
153416
153414
153397
153395
153267
152827
152818
152812
152734
152732
152730
152726
152724
152721
15272
152719
152718
152475
152474
152472
152439
152165
151569
151568
151414
151413
15122
15048
150420
1502
150143
150129
150124
150113
149879
149878
14981
14922
149196
149023
149022
148737
148680
148582
14837
148332
148326
148323
148283
14822
148210
14820
148036
14803
14795
14794
147804
14768
147521
147507
147505
146742
14654
146479
14571
14475
14453
144200
14392
14391
143616
142977
142903
142255
142254
142253
142252
142250
14209
14182
14178
13864
13863
138358
138325
138320
138294
138293
137823
137812
13776
137725
137711
137672
137662
137009
13697
136850
135626
133437
13341
13336
133169
133159
133150
133088
132699
132649
132415
13235
13234
131549
131547
13116
131143
13114
131089
130594
130588
130585
130583
13042
130389
130388
1300
129689
129685
12968
12966
12962
129402
129401
129224
12918
129005
129003
12892
128831
128727
128722
128623
12841
12838
12800
12798
12795
12794
12768
12740
12735
1272
127049
12704
12700
126210
126209
126206
126046
125881
125321
124626
12416
122422
122165
122164
122154
121190
121109
121108
121106
121105
121104
120996
120995
12078
12077
12023
119771
11961
119592
119488
119467
11901
118877
118573
118323
118194
118166
118165
118164
117686
117685
117684
117683
117682
117535
117534
117520
117464
117463
117148
116911
116896
116892
116865
11636
11582
115728
115540
115525
115524
115523
115499
115498
115027
115026
115025
114991
11489
114871
114802
114699
114696
114694
11449
114479
114478
114477
114473
114397
114328
114235
114232
114206
114203
114169
114004
114
113884
113881
113878
113877
113876
113857
113853
113852
113844
113843
113842
113841
11383
113818
113551
113487
113461
113460
113459
113418
113417
113250
113234
113233
113232
113231
113230
113226
113160
113159
113157
113149
113064
113054
113050
113049
113048
113047
113046
113045
113044
113043
11304
113027
113026
113024
113021
11302
112964
112962
112961
112960
112959
112958
112957
112956
112955
112950
112948
112947
112945
112942
112938
112932
112896
112842
112808
112807
112802
112800
112793
112787
11277
112756
11273
11270
112615
112513
112338
11223
112065
112034
111925
111881
111694
111693
111587
11153
111115
111014
111011
11076
110339
109992
109991
109989
10995
109703
109445
108854
108550
108374
108302
107298
10597
105467
105316
105176
105175
104889
104521
10404
103807
10362
103506
10334
102906
102691
102690
102655
102640
101754
10013
100052
100003